0000000000000000000000000000000000000000000000000
0000000000000000000000000000000000000000000000000
0000000000000000000000000000000000000000000000000
0000000000000000000000000000000000000000000000000
0000000000000000000000000000000000000000000000000
0000050005000000000000000000000005000500000000000
0000005050050550005055000505000500505000000000000
0000000500000505005050500505000500050000000000000
0000005050050500505050050505000500505000000000000
0000050005050500055050005500555005000500000000000
0000000000000000000000000000000000000000000000000
0000000000000000000000000999999999999900000000000
0000000000000000000000000000000000000000000000000
0000000000000000000000000000000000000000000000000
0000000000000000000000000000000000000000000000000
0000000000000000000000000000000000000000000000000
0000000000000000000000000000000000000000000000000
0000000000000000000000000000000000000000000000000
